0.012750,0.000000,14.203125
0.025424,-0.000038,14.041050
0.038021,-0.000113,13.880912
0.050543,-0.000224,13.722681
0.062991,-0.000370,13.566329
0.075364,-0.000551,13.411831
0.087663,-0.000766,13.259159
0.099889,-0.001013,13.108287
0.112042,-0.001291,12.959190
0.124123,-0.001601,12.811845
0.136133,-0.001941,12.666226
0.148071,-0.002310,12.522312
0.159938,-0.002707,12.380078
0.171734,-0.003132,12.239504
0.183461,-0.003584,12.100567
0.195119,-0.004061,11.963247
0.206707,-0.004564,11.827523
0.218226,-0.005090,11.693375
0.229678,-0.005640,11.560783
0.241061,-0.006213,11.429729
0.252377,-0.006807,11.300194
0.263627,-0.007423,11.172158
0.274809,-0.008058,11.045606
0.285925,-0.008713,10.920519
0.296976,-0.009387,10.796880
0.307960,-0.010078,10.674672
0.318880,-0.010787,10.553880
0.329735,-0.011512,10.434486
0.340525,-0.012253,10.316476
0.351252,-0.013008,10.199834
0.361914,-0.013778,10.084545
0.372513,-0.014562,9.970594
0.383050,-0.015358,9.857966
0.393523,-0.016166,9.746648
0.403934,-0.016986,9.636625
0.414283,-0.017817,9.527883
0.424570,-0.018658,9.420409
0.434795,-0.019509,9.314190
0.444960,-0.020368,9.209212
0.455064,-0.021236,9.105462
0.465107,-0.022111,9.002928
0.475090,-0.022994,8.901597
0.485012,-0.023883,8.801457
0.494876,-0.024778,8.702496
0.504680,-0.025679,8.604701
0.514424,-0.026584,8.508060
0.524111,-0.027494,8.412562
0.533738,-0.028407,8.318195
0.543308,-0.029324,8.224949
0.552819,-0.030243,8.132810
0.562273,-0.031164,8.041768
0.571670,-0.032088,7.951813
0.581009,-0.033012,7.862932
0.590292,-0.033937,7.775116
0.599518,-0.034863,7.688353
0.608688,-0.035788,7.602632
0.617802,-0.036713,7.517944
0.626861,-0.037637,7.434277
0.635863,-0.038560,7.351622
0.644811,-0.039480,7.269967
0.653704,-0.040399,7.189303
0.662542,-0.041315,7.109620
0.671326,-0.042227,7.030907
0.680056,-0.043137,6.953155
0.688732,-0.044042,6.876354
0.697355,-0.044944,6.800493
0.705924,-0.045841,6.725563
0.714440,-0.046734,6.651555
0.722904,-0.047621,6.578458
0.731315,-0.048503,6.506264
0.739674,-0.049379,6.434962
0.747981,-0.050250,6.364544
0.756236,-0.051114,6.294999
0.764440,-0.051971,6.226319
0.772592,-0.052821,6.158495
0.780694,-0.053665,6.091516
0.788745,-0.054501,6.025375
0.796746,-0.055329,5.960062
0.804697,-0.056149,5.895568
0.812597,-0.056962,5.831884
0.820449,-0.057766,5.769001
0.828250,-0.058561,5.706911
0.836003,-0.059348,5.645604
0.843707,-0.060125,5.585072
0.851363,-0.060894,5.525307
0.858970,-0.061653,5.466299
0.866529,-0.062403,5.408040
0.874040,-0.063142,5.350522
0.881504,-0.063872,5.293736
0.888921,-0.064592,5.237674
0.896290,-0.065301,5.182327
0.903613,-0.066000,5.127688
0.910890,-0.066689,5.073748
0.918120,-0.067367,5.020498
0.925304,-0.068034,4.967932
0.932443,-0.068690,4.916040
0.939536,-0.069335,4.864815
0.946584,-0.069969,4.814249
0.953588,-0.070591,4.764333
0.960546,-0.071202,4.715061
0.967460,-0.071802,4.666425
0.974330,-0.072389,4.618416
0.981156,-0.072966,4.571028
0.987939,-0.073530,4.524252
0.994678,-0.074082,4.478081
1.001374,-0.074623,4.432507
1.008027,-0.075151,4.387524
1.014638,-0.075667,4.343123
1.021207,-0.076172,4.299299
1.027733,-0.076663,4.256042
1.034217,-0.077143,4.213347
1.040660,-0.077610,4.171206
1.047062,-0.078065,4.129612
1.053423,-0.078507,4.088558
1.059742,-0.078937,4.048037
1.066022,-0.079354,4.008042
1.072261,-0.079759,3.968567
1.078460,-0.080151,3.929605
1.084619,-0.080531,3.891149
1.090739,-0.080898,3.853192
1.096819,-0.081252,3.815728
1.102861,-0.081594,3.778751
1.108864,-0.081923,3.742254
1.114828,-0.082239,3.706230
1.120754,-0.082543,3.670674
1.126642,-0.082834,3.635579
1.132492,-0.083112,3.600938
1.138305,-0.083377,3.566747
1.144080,-0.083630,3.532998
1.149819,-0.083871,3.499686
1.155521,-0.084098,3.466805
1.161186,-0.084313,3.434349
1.166815,-0.084515,3.402312
1.172408,-0.084705,3.370688
1.177965,-0.084882,3.339472
1.183487,-0.085047,3.308658
1.188973,-0.085199,3.278241
1.194424,-0.085339,3.248215
1.199841,-0.085466,3.218574
1.205223,-0.085581,3.189313
1.210571,-0.085683,3.160427
1.215884,-0.085773,3.131911
1.221164,-0.085851,3.103759
1.226410,-0.085916,3.075966
1.231623,-0.085970,3.048528
1.236803,-0.086011,3.021439
1.241949,-0.086040,2.994694
1.247063,-0.086057,2.968288
1.252145,-0.086062,2.942216
1.257195,-0.086055,2.916475
1.262212,-0.086036,2.891058
1.267198,-0.086005,2.865961
1.272152,-0.085963,2.841180
1.277075,-0.085909,2.816710
1.281967,-0.085843,2.792547
1.286829,-0.085766,2.768686
1.291659,-0.085677,2.745122
1.296459,-0.085577,2.721852
1.301230,-0.085465,2.698872
1.305970,-0.085342,2.676176
1.310680,-0.085208,2.653761
1.315361,-0.085062,2.631623
1.320013,-0.084906,2.609757
1.324636,-0.084739,2.588160
1.329230,-0.084560,2.566828
1.333795,-0.084371,2.545756
1.338332,-0.084171,2.524942
1.342841,-0.083960,2.504380
1.347322,-0.083739,2.484068
1.351775,-0.083507,2.464002
1.356201,-0.083265,2.444178
1.360599,-0.083012,2.424593
1.364970,-0.082749,2.405243
1.369314,-0.082476,2.386124
1.373632,-0.082193,2.367233
1.377923,-0.081899,2.348567
1.382188,-0.081596,2.330123
1.386426,-0.081283,2.311897
1.390639,-0.080960,2.293885
1.394826,-0.080627,2.276086
1.398988,-0.080285,2.258495
1.403124,-0.079933,2.241109
1.407236,-0.079572,2.223926
1.411322,-0.079202,2.206942
1.415384,-0.078822,2.190155
1.419421,-0.078433,2.173561
1.423434,-0.078035,2.157158
1.427423,-0.077628,2.140943
1.431388,-0.077213,2.124912
1.435329,-0.076788,2.109064
1.439246,-0.076355,2.093396
1.443141,-0.075913,2.077905
1.447012,-0.075462,2.062588
1.450860,-0.075004,2.047442
1.454685,-0.074537,2.032466
1.458488,-0.074061,2.017657
1.462268,-0.073578,2.003012
1.466026,-0.073086,1.988528
1.469762,-0.072587,1.974204
1.473476,-0.072079,1.960038
1.477168,-0.071564,1.946025
1.480838,-0.071042,1.932166
1.484488,-0.070511,1.918457
1.488115,-0.069973,1.904895
1.491722,-0.069428,1.891480
1.495308,-0.068876,1.878208
1.498874,-0.068316,1.865078
1.502419,-0.067749,1.852088
1.505943,-0.067175,1.839235
1.509447,-0.066594,1.826518
1.512931,-0.066007,1.813934
1.516396,-0.065412,1.801482
1.519840,-0.064811,1.789160
1.523265,-0.064204,1.776966
1.526671,-0.063590,1.764897
1.530057,-0.062969,1.752953
1.533424,-0.062342,1.741132
1.536773,-0.061709,1.729431
1.540102,-0.061070,1.717849
1.543413,-0.060425,1.706384
1.546705,-0.059774,1.695035
1.549979,-0.059117,1.683800
1.553235,-0.058455,1.672677
1.556473,-0.057786,1.661665
1.559693,-0.057113,1.650762
1.562895,-0.056433,1.639967
1.566079,-0.055748,1.629278
1.569246,-0.055058,1.618694
1.572396,-0.054363,1.608213
1.575529,-0.053663,1.597834
1.578644,-0.052957,1.587555
1.581743,-0.052247,1.577375
1.584825,-0.051531,1.567293
1.587890,-0.050811,1.557307
1.590939,-0.050086,1.547416
1.593971,-0.049357,1.537619
1.596988,-0.048623,1.527915
1.599988,-0.047884,1.518301
1.602972,-0.047142,1.508777
1.605940,-0.046394,1.499342
1.608893,-0.045643,1.489995
1.611830,-0.044887,1.480734
1.614751,-0.044128,1.471558
1.617658,-0.043364,1.462466
1.620549,-0.042597,1.453457
1.623425,-0.041825,1.444530
1.626286,-0.041050,1.435684
1.629132,-0.040271,1.426917
1.631963,-0.039489,1.418230
1.634780,-0.038703,1.409620
1.637583,-0.037914,1.401086
1.640371,-0.037121,1.392628
1.643145,-0.036325,1.384245
1.645904,-0.035526,1.375936
1.648650,-0.034724,1.367699
1.651382,-0.033918,1.359535
1.654100,-0.033110,1.351441
1.656804,-0.032299,1.343418
1.659495,-0.031484,1.335463
1.662172,-0.030667,1.327577
1.664836,-0.029848,1.319759
1.667487,-0.029025,1.312007
1.670124,-0.028200,1.304321
1.672749,-0.027373,1.296700
1.675360,-0.026543,1.289143
1.677959,-0.025711,1.281650
1.680545,-0.024876,1.274219
1.683118,-0.024039,1.266850
1.685679,-0.023200,1.259543
1.688228,-0.022359,1.252296
1.690764,-0.021516,1.245108
1.693288,-0.020671,1.237980
1.695800,-0.019823,1.230910
1.698299,-0.018975,1.223898
1.700787,-0.018124,1.216942
1.703263,-0.017271,1.210043
1.705727,-0.016417,1.203200
1.708180,-0.015561,1.196411
1.710621,-0.014704,1.189677
1.713051,-0.013845,1.182997
1.715469,-0.012984,1.176370
1.717876,-0.012123,1.169795
1.720271,-0.011260,1.163272
1.722656,-0.010395,1.156801
1.725029,-0.009530,1.150381
1.727392,-0.008663,1.144010
1.729744,-0.007795,1.137690
1.732084,-0.006926,1.131418
1.734415,-0.006056,1.125195
1.736734,-0.005185,1.119020
1.739043,-0.004313,1.112893
1.741342,-0.003441,1.106813
1.743630,-0.002567,1.100779
1.745908,-0.001693,1.094791
1.748176,-0.000818,1.088849
1.750434,0.000057,1.082952
1.752681,0.000934,1.077099
1.754919,0.001810,1.071290
1.757147,0.002688,1.065526
1.759365,0.003565,1.059804
1.761573,0.004443,1.054125
1.763772,0.005322,1.048488
1.765960,0.006201,1.042893
1.768140,0.007080,1.037340
1.770310,0.007959,1.031827
1.772470,0.008839,1.026355
1.774622,0.009719,1.020924
1.776764,0.010598,1.015532
1.778897,0.011478,1.010179
1.781020,0.012358,1.004866
1.783135,0.013238,0.999591
1.785241,0.014118,0.994354
1.787338,0.014998,0.989155
1.789426,0.015877,0.983994
1.791505,0.016757,0.978870
1.793575,0.017636,0.973782
1.795637,0.018515,0.968731
1.797691,0.019394,0.963716
1.799735,0.020272,0.958736
1.801772,0.021150,0.953792
1.803800,0.022028,0.948883
1.805819,0.022905,0.944009
1.807831,0.023782,0.939169
1.809834,0.024659,0.934363
1.811829,0.025534,0.929591
1.813816,0.026410,0.924852
1.815795,0.027284,0.920146
1.817766,0.028158,0.915473
1.819729,0.029032,0.910833
1.821684,0.029904,0.906224
1.823631,0.030776,0.901648
1.825571,0.031648,0.897103
1.827503,0.032518,0.892590
1.829427,0.033388,0.888107
1.831344,0.034257,0.883656
1.833253,0.035125,0.879234
1.835155,0.035992,0.874843
1.837049,0.036858,0.870482
1.838936,0.037723,0.866151
1.840816,0.038588,0.861849
1.842688,0.039451,0.857576
1.844553,0.040313,0.853332
1.846411,0.041174,0.849117
1.848262,0.042035,0.844930
1.850106,0.042894,0.840772
1.851943,0.043752,0.836641
1.853773,0.044608,0.832538
1.855595,0.045464,0.828462
1.857411,0.046319,0.824414
1.859221,0.047172,0.820392
1.861023,0.048024,0.816398
1.862819,0.048875,0.812429
1.864608,0.049724,0.808488
1.866390,0.050573,0.804572
1.868166,0.051420,0.800682
1.869935,0.052265,0.796817
1.871698,0.053109,0.792978
1.873454,0.053952,0.789164
1.875204,0.054794,0.785376
1.876948,0.055634,0.781612
1.878685,0.056473,0.777872
1.880416,0.057310,0.774157
1.882140,0.058146,0.770466
1.883859,0.058980,0.766800
1.885571,0.059813,0.763157
1.887277,0.060644,0.759537
1.888977,0.061474,0.755941
1.890671,0.062302,0.752368
1.892359,0.063129,0.748818
1.894041,0.063954,0.745291
1.895717,0.064778,0.741787
1.897387,0.065600,0.738305
1.899051,0.066420,0.734846
1.900710,0.067239,0.731408
1.902363,0.068056,0.727993
1.904010,0.068872,0.724599
1.905651,0.069685,0.721227
1.907286,0.070497,0.717876
1.908916,0.071308,0.714547
1.910541,0.072117,0.711239
1.912160,0.072924,0.707951
1.913773,0.073729,0.704685
1.915381,0.074533,0.701439
1.916983,0.075334,0.698213
1.918580,0.076135,0.695008
1.920171,0.076933,0.691822
1.921757,0.077729,0.688657
1.923338,0.078524,0.685512
1.924914,0.079317,0.682386
1.926484,0.080108,0.679280
1.928049,0.080898,0.676193
1.929609,0.081685,0.673125
1.931164,0.082471,0.670077
1.932713,0.083255,0.667047
1.934258,0.084037,0.664036
1.935797,0.084817,0.661044
1.937331,0.085596,0.658070
1.938860,0.086372,0.655115
1.940385,0.087147,0.652177
1.941904,0.087920,0.649258
1.943419,0.088690,0.646357
1.944928,0.089459,0.643474
1.946433,0.090227,0.640608
1.947933,0.090992,0.637760
1.949428,0.091755,0.634929
1.950918,0.092516,0.632115
1.952404,0.093276,0.629319
1.953884,0.094033,0.626540
1.955361,0.094789,0.623777
1.956832,0.095543,0.621032
1.958299,0.096295,0.618302
1.959761,0.097044,0.615590
1.961219,0.097792,0.612894
1.962672,0.098538,0.610214
1.964120,0.099282,0.607550
1.965564,0.100024,0.604902
1.967003,0.100765,0.602271
1.968439,0.101503,0.599655
1.969869,0.102239,0.597054
1.971295,0.102973,0.594470
1.972717,0.103706,0.591901
1.974134,0.104436,0.589347
1.975548,0.105164,0.586808
1.976956,0.105891,0.584284
1.978361,0.106615,0.581776
1.979761,0.107337,0.579282
1.981157,0.108058,0.576803
1.982549,0.108776,0.574339
1.983936,0.109493,0.571889
1.985320,0.110208,0.569454
1.986699,0.110920,0.567034
1.988074,0.111631,0.564627
1.989445,0.112339,0.562235
1.990812,0.113046,0.559857
1.992175,0.113751,0.557492
1.993534,0.114453,0.555142
1.994888,0.115154,0.552805
1.996239,0.115853,0.550482
1.997586,0.116550,0.548173
1.998929,0.117244,0.545877
2.000268,0.117937,0.543594
2.001603,0.118628,0.541325
2.002934,0.119317,0.539068
2.004261,0.120004,0.536825
2.005584,0.120689,0.534595
2.006904,0.121372,0.532378
2.008220,0.122053,0.530174
2.009531,0.122732,0.527982
2.010840,0.123409,0.525803
2.012144,0.124084,0.523636
2.013445,0.124757,0.521482
2.014742,0.125428,0.519341
2.016035,0.126097,0.517211
2.017324,0.126765,0.515094
2.018610,0.127430,0.512989
2.019892,0.128093,0.510896
2.021171,0.128755,0.508815
2.022446,0.129414,0.506745
2.023717,0.130072,0.504688
2.024985,0.130727,0.502642
2.026249,0.131381,0.500608
2.027510,0.132033,0.498585
2.028767,0.132682,0.496574
2.030021,0.133330,0.494574
2.031271,0.133976,0.492585
2.032518,0.134620,0.490608
2.033761,0.135262,0.488642
2.035001,0.135902,0.486686
2.036238,0.136540,0.484742
2.037471,0.137177,0.482809
2.038700,0.137811,0.480886
2.039927,0.138444,0.478974
2.041149,0.139074,0.477073
2.042369,0.139703,0.475183
2.043585,0.140330,0.473303
2.044798,0.140955,0.471433
2.046008,0.141578,0.469574
2.047214,0.142199,0.467725
2.048417,0.142818,0.465886
2.049617,0.143436,0.464058
2.050814,0.144051,0.462240
2.052007,0.144665,0.460431
2.053197,0.145277,0.458633
2.054384,0.145887,0.456844
2.055568,0.146495,0.455066
2.056749,0.147101,0.453297
2.057927,0.147706,0.451538
2.059101,0.148308,0.449788
2.060272,0.148909,0.448048
2.061440,0.149508,0.446318
2.062606,0.150105,0.444597
2.063768,0.150700,0.442885
2.064927,0.151294,0.441183
2.066083,0.151885,0.439489
2.067235,0.152475,0.437806
2.068385,0.153063,0.436131
2.069532,0.153649,0.434465
2.070676,0.154234,0.432808
2.071817,0.154817,0.431160
2.072955,0.155397,0.429521
2.074090,0.155977,0.427891
2.075222,0.156554,0.426270
2.076351,0.157129,0.424657
2.077477,0.157703,0.423053
2.078601,0.158275,0.421457
2.079721,0.158846,0.419871
2.080839,0.159414,0.418292
2.081953,0.159981,0.416722
2.083065,0.160546,0.415160
2.084174,0.161110,0.413607
2.085280,0.161671,0.412062
2.086384,0.162231,0.410525
2.087484,0.162789,0.408996
2.088582,0.163346,0.407475
2.089677,0.163901,0.405962
2.090769,0.164454,0.404457
2.091859,0.165005,0.402961
2.092945,0.165555,0.401472
2.094029,0.166103,0.399990
2.095111,0.166649,0.398517
2.096189,0.167194,0.397051
2.097265,0.167737,0.395593
2.098338,0.168278,0.394143
2.099409,0.168818,0.392700
2.100476,0.169356,0.391265
2.101542,0.169892,0.389837
2.102604,0.170427,0.388416
2.103664,0.170960,0.387003
2.104721,0.171492,0.385597
2.105776,0.172022,0.384199
2.106828,0.172550,0.382808
2.107877,0.173077,0.381424
2.108924,0.173602,0.380047
2.109969,0.174125,0.378677
2.111010,0.174647,0.377314
2.112050,0.175167,0.375958
2.113086,0.175686,0.374609
2.114120,0.176203,0.373267
2.115152,0.176719,0.371932
2.116181,0.177233,0.370604
2.117208,0.177745,0.369282
2.118232,0.178256,0.367967
2.119254,0.178765,0.366659
2.120273,0.179273,0.365357
2.121289,0.179779,0.364063
2.122304,0.180284,0.362774
2.123316,0.180787,0.361492
2.124325,0.181289,0.360217
2.125332,0.181789,0.358948
2.126337,0.182287,0.357685
2.127339,0.182785,0.356429
2.128339,0.183280,0.355179
2.129336,0.183774,0.353936
2.130331,0.184267,0.352698
2.131324,0.184758,0.351467
2.132314,0.185248,0.350242
2.133302,0.185736,0.349023
2.134288,0.186223,0.347810
2.135271,0.186708,0.346603
2.136252,0.187192,0.345402
2.137231,0.187674,0.344207
2.138207,0.188155,0.343018
2.139181,0.188635,0.341835
2.140153,0.189113,0.340658
2.141122,0.189589,0.339486
2.142090,0.190064,0.338320
2.143055,0.190538,0.337160
2.144017,0.191011,0.336006
2.144978,0.191482,0.334858
2.145936,0.191951,0.333715
2.146892,0.192419,0.332577
2.147846,0.192886,0.331445
2.148798,0.193352,0.330319
2.149747,0.193816,0.329198
2.150694,0.194278,0.328083
2.151639,0.194740,0.326973
2.152582,0.195199,0.325868
2.153523,0.195658,0.324769
2.154462,0.196115,0.323675
2.155398,0.196571,0.322586
2.156332,0.197026,0.321503
2.157264,0.197479,0.320425
2.158194,0.197931,0.319352
2.159122,0.198381,0.318284
2.160048,0.198830,0.317221
2.160972,0.199278,0.316164
2.161893,0.199725,0.315111
2.162813,0.200170,0.314064
2.163730,0.200614,0.313021
2.164646,0.201057,0.311984
2.165559,0.201498,0.310951
2.166470,0.201938,0.309924
2.167379,0.202377,0.308901
2.168286,0.202815,0.307883
2.169191,0.203251,0.306870
2.170094,0.203686,0.305861
2.170995,0.204120,0.304858
2.171895,0.204553,0.303859
2.172792,0.204984,0.302865
2.173687,0.205414,0.301875
2.174580,0.205843,0.300891
2.175471,0.206270,0.299910
2.176360,0.206697,0.298935
2.177247,0.207122,0.297964
2.178132,0.207546,0.296997
2.179015,0.207968,0.296035
2.179896,0.208390,0.295078
2.180775,0.208810,0.294125
2.181653,0.209229,0.293176
2.182528,0.209647,0.292232
2.183402,0.210064,0.291292
2.184273,0.210479,0.290356
2.185143,0.210894,0.289425
2.186010,0.211307,0.288498
2.186876,0.211719,0.287576
2.187740,0.212130,0.286657
2.188602,0.212539,0.285743
2.189463,0.212948,0.284833
2.190321,0.213355,0.283928
2.191177,0.213761,0.283026
2.192032,0.214166,0.282129
2.192885,0.214570,0.281235
2.193736,0.214973,0.280346
2.194585,0.215375,0.279461
2.195432,0.215775,0.278579
2.196277,0.216175,0.277702
2.197121,0.216573,0.276829
2.197963,0.216970,0.275960
2.198803,0.217366,0.275094
2.199641,0.217761,0.274233
2.200477,0.218155,0.273375
2.201312,0.218548,0.272521
2.202144,0.218940,0.271672
2.202975,0.219331,0.270826
2.203805,0.219720,0.269983
2.204632,0.220109,0.269145
2.205458,0.220496,0.268310
2.206282,0.220882,0.267479
2.207104,0.221268,0.266652
2.207925,0.221652,0.265828
2.208743,0.222035,0.265008
2.209560,0.222417,0.264192
2.210376,0.222798,0.263379
2.211189,0.223178,0.262570
2.212001,0.223558,0.261765
2.212811,0.223936,0.260963
2.213620,0.224313,0.260165
2.214426,0.224688,0.259370
2.215232,0.225063,0.258578
2.216035,0.225437,0.257790
2.216837,0.225810,0.257006
2.217637,0.226182,0.256225
2.218435,0.226553,0.255448
2.219232,0.226923,0.254673
2.220027,0.227292,0.253903
2.220820,0.227660,0.253135
2.221612,0.228027,0.252371
2.222402,0.228393,0.251611
2.223191,0.228758,0.250853
2.223977,0.229122,0.250099
2.224763,0.229485,0.249348
2.225546,0.229847,0.248601
2.226328,0.230208,0.247856
2.227109,0.230568,0.247115
2.227887,0.230927,0.246377
2.228665,0.231286,0.245643
2.229440,0.231643,0.244911
2.230214,0.231999,0.244182
2.230987,0.232355,0.243457
2.231758,0.232709,0.242735
2.232527,0.233063,0.242016
2.233295,0.233415,0.241300
2.234061,0.233767,0.240587
2.234825,0.234118,0.239877
2.235588,0.234468,0.239170
2.236350,0.234817,0.238466
2.237110,0.235165,0.237765
2.237868,0.235512,0.237067
2.238625,0.235858,0.236372
2.239381,0.236204,0.235680
2.240135,0.236548,0.234991
2.240887,0.236892,0.234305
2.241638,0.237234,0.233621
2.242387,0.237576,0.232941
2.243135,0.237917,0.232263
2.243881,0.238257,0.231588
2.244626,0.238596,0.230917
2.245369,0.238934,0.230247
2.246111,0.239272,0.229581
2.246852,0.239608,0.228918
2.247591,0.239944,0.228257
2.248328,0.240279,0.227599
2.249064,0.240613,0.226944
2.249798,0.240946,0.226291
2.250532,0.241278,0.225641
2.251263,0.241610,0.224994
2.251993,0.241941,0.224350
2.252722,0.242270,0.223708
2.253449,0.242599,0.223069
2.254175,0.242927,0.222432
2.254900,0.243255,0.221798
2.255623,0.243581,0.221167
2.256344,0.243907,0.220538
2.257064,0.244232,0.219912
2.257783,0.244556,0.219289
2.258501,0.244879,0.218668
2.259217,0.245201,0.218049
2.259931,0.245523,0.217433
2.260644,0.245844,0.216820
2.261356,0.246164,0.216209
2.262066,0.246483,0.215601
2.262776,0.246801,0.214995
2.263483,0.247119,0.214391
2.264189,0.247436,0.213790
2.264894,0.247752,0.213191
2.265598,0.248067,0.212595
2.266300,0.248382,0.212001
2.267001,0.248695,0.211410
2.267700,0.249008,0.210821
2.268399,0.249321,0.210234
2.269095,0.249632,0.209650
2.269791,0.249943,0.209068
2.270485,0.250253,0.208488
2.271178,0.250562,0.207911
2.271869,0.250870,0.207336
2.272559,0.251178,0.206763
2.273248,0.251485,0.206193
2.273936,0.251791,0.205625
2.274622,0.252096,0.205059
2.275307,0.252401,0.204495
2.275991,0.252705,0.203934
2.276673,0.253008,0.203375
2.277354,0.253311,0.202818
2.278034,0.253613,0.202263
2.278712,0.253914,0.201711
2.279389,0.254214,0.201160
2.280065,0.254514,0.200612
2.280740,0.254812,0.200066
2.281413,0.255111,0.199522
2.282085,0.255408,0.198980
2.282756,0.255705,0.198441
2.283426,0.256001,0.197903
2.284094,0.256296,0.197368
2.284761,0.256591,0.196834
2.285427,0.256885,0.196303
2.286092,0.257178,0.195774
2.286755,0.257471,0.195247
2.287417,0.257763,0.194721
2.288078,0.258054,0.194198
2.288737,0.258344,0.193677
2.289396,0.258634,0.193158
2.290053,0.258923,0.192641
2.290709,0.259212,0.192126
2.291364,0.259499,0.191613
2.292017,0.259787,0.191102
2.292670,0.260073,0.190593
2.293321,0.260359,0.190086
2.293971,0.260644,0.189581
2.294620,0.260928,0.189078
2.295267,0.261212,0.188576
2.295914,0.261495,0.188077
2.296559,0.261778,0.187579
2.297203,0.262060,0.187084
2.297846,0.262341,0.186590
2.298487,0.262621,0.186098
2.299128,0.262901,0.185608
2.299767,0.263180,0.185120
2.300405,0.263459,0.184634
2.301042,0.263737,0.184149
2.301678,0.264014,0.183667
2.302313,0.264291,0.183186
2.302946,0.264567,0.182707
2.303579,0.264843,0.182230
2.304210,0.265117,0.181755
2.304840,0.265392,0.181281
2.305469,0.265665,0.180809
2.306097,0.265938,0.180339
2.306724,0.266210,0.179871
2.307349,0.266482,0.179405
2.307974,0.266753,0.178940
2.308597,0.267024,0.178477
2.309219,0.267294,0.178016
2.309840,0.267563,0.177556
2.310460,0.267831,0.177098
2.311079,0.268100,0.176642
2.311697,0.268367,0.176188
2.312314,0.268634,0.175735
2.312929,0.268900,0.175284
2.313544,0.269166,0.174834
2.314157,0.269431,0.174387
2.314769,0.269695,0.173941
2.315381,0.269959,0.173496
2.315991,0.270223,0.173053
2.316600,0.270485,0.172612
2.317208,0.270748,0.172172
2.317815,0.271009,0.171734
2.318420,0.271270,0.171298
2.319025,0.271531,0.170863
2.319629,0.271790,0.170430
2.320232,0.272050,0.169999
2.320833,0.272308,0.169569
2.321434,0.272567,0.169140
2.322033,0.272824,0.168713
2.322632,0.273081,0.168288
2.323229,0.273338,0.167864
2.323825,0.273593,0.167442
2.324421,0.273849,0.167021
2.325015,0.274104,0.166602
2.325608,0.274358,0.166184
2.326200,0.274611,0.165768
2.326792,0.274865,0.165353
2.327382,0.275117,0.164940
2.327971,0.275369,0.164528
2.328559,0.275621,0.164118
2.329146,0.275872,0.163709
2.329732,0.276122,0.163302
2.330317,0.276372,0.162896
2.330901,0.276621,0.162492
2.331484,0.276870,0.162089
2.332066,0.277118,0.161688
2.332647,0.277366,0.161287
2.333228,0.277613,0.160889
2.333807,0.277860,0.160492
2.334385,0.278106,0.160096
2.334962,0.278352,0.159701
2.335538,0.278597,0.159308
2.336113,0.278841,0.158917
2.336687,0.279085,0.158527
2.337260,0.279329,0.158138
2.337832,0.279572,0.157750
2.338404,0.279814,0.157364
2.338974,0.280056,0.156979
2.339543,0.280298,0.156596
2.340112,0.280539,0.156214
2.340679,0.280779,0.155833
2.341245,0.281019,0.155454
2.341811,0.281259,0.155076
2.342375,0.281498,0.154699
2.342939,0.281736,0.154324
2.343501,0.281974,0.153949
2.344063,0.282212,0.153577
2.344624,0.282449,0.153205
2.345183,0.282685,0.152835
2.345742,0.282921,0.152466
2.346300,0.283157,0.152098
2.346857,0.283392,0.151732
2.347413,0.283626,0.151367
2.347968,0.283860,0.151003
2.348522,0.284094,0.150640
2.349076,0.284327,0.150279
2.349628,0.284559,0.149919
2.350179,0.284792,0.149560
2.350730,0.285023,0.149203
2.351279,0.285254,0.148846
2.351828,0.285485,0.148491
2.352376,0.285715,0.148137
2.352923,0.285945,0.147784
2.353469,0.286174,0.147433
2.354014,0.286403,0.147082
2.354558,0.286631,0.146733
2.355101,0.286859,0.146385
2.355643,0.287087,0.146039
2.356185,0.287314,0.145693
2.356725,0.287540,0.145349
2.357265,0.287766,0.145005
2.357804,0.287992,0.144663
2.358342,0.288217,0.144322
2.358879,0.288441,0.143983
2.359415,0.288666,0.143644
2.359950,0.288889,0.143306
2.360485,0.289113,0.142970
2.361019,0.289336,0.142635
2.361551,0.289558,0.142301
2.362083,0.289780,0.141968
2.362614,0.290001,0.141636
2.363144,0.290222,0.141305
2.363673,0.290443,0.140976
2.364202,0.290663,0.140647
2.364729,0.290883,0.140320
2.365256,0.291102,0.139993
2.365782,0.291321,0.139668
2.366307,0.291540,0.139344
2.366831,0.291758,0.139021
2.367354,0.291975,0.138699
2.367877,0.292192,0.138378
2.368398,0.292409,0.138058
2.368919,0.292625,0.137739
2.369439,0.292841,0.137422
2.369958,0.293057,0.137105
2.370477,0.293272,0.136789
2.370994,0.293486,0.136475
2.371511,0.293700,0.136161
2.372027,0.293914,0.135849
2.372542,0.294127,0.135537
2.373056,0.294340,0.135227
2.373569,0.294553,0.134917
2.374082,0.294765,0.134609
2.374594,0.294977,0.134301
2.375104,0.295188,0.133995
2.375615,0.295399,0.133689
2.376124,0.295609,0.133385
2.376632,0.295819,0.133081
2.377140,0.296029,0.132779
2.377647,0.296238,0.132478
2.378153,0.296447,0.132177
2.378659,0.296655,0.131878
2.379163,0.296863,0.131579
2.379667,0.297071,0.131281
2.380170,0.297278,0.130985
2.380672,0.297485,0.130689
2.381173,0.297691,0.130394
2.381674,0.297897,0.130101
2.382174,0.298103,0.129808
2.382673,0.298308,0.129516
2.383171,0.298513,0.129225
2.383669,0.298717,0.128935
2.384165,0.298921,0.128646
2.384661,0.299125,0.128358
2.385157,0.299328,0.128071
2.385651,0.299531,0.127784
2.386145,0.299733,0.127499
2.386638,0.299936,0.127214
2.387130,0.300137,0.126931
2.387621,0.300339,0.126648
2.388112,0.300540,0.126367
2.388601,0.300740,0.126086
2.389091,0.300940,0.125806
2.389579,0.301140,0.125527
2.390067,0.301340,0.125248
2.390553,0.301539,0.124971
2.391040,0.301737,0.124695
2.391525,0.301936,0.124419
2.392009,0.302134,0.124144
2.392493,0.302331,0.123871
2.392977,0.302528,0.123598
2.393459,0.302725,0.123326
2.393941,0.302922,0.123054
2.394422,0.303118,0.122784
2.394902,0.303313,0.122514
2.395381,0.303509,0.122246
2.395860,0.303704,0.121978
2.396338,0.303899,0.121711
2.396815,0.304093,0.121445
2.397292,0.304287,0.121179
2.397768,0.304480,0.120915
2.398243,0.304673,0.120651
2.398717,0.304866,0.120388
2.399191,0.305059,0.120126
2.399664,0.305251,0.119865
2.400136,0.305443,0.119604
2.400608,0.305634,0.119345
2.401079,0.305825,0.119086
2.401549,0.306016,0.118828
2.402018,0.306206,0.118571
2.402487,0.306396,0.118314
2.402955,0.306586,0.118059
2.403423,0.306775,0.117804
2.403889,0.306964,0.117550
2.404355,0.307153,0.117296
2.404821,0.307341,0.117044
2.405285,0.307529,0.116792
2.405749,0.307717,0.116541
2.406212,0.307904,0.116291
2.406675,0.308091,0.116041
2.407137,0.308278,0.115793
2.407598,0.308464,0.115545
2.408058,0.308650,0.115298
2.408518,0.308835,0.115051
2.408977,0.309021,0.114806
2.409435,0.309206,0.114561
2.409893,0.309390,0.114317
2.410350,0.309574,0.114073
2.410807,0.309758,0.113830
2.411262,0.309942,0.113588
2.411718,0.310125,0.113347
2.412172,0.310308,0.113107
2.412626,0.310491,0.112867
2.413079,0.310673,0.112628
2.413531,0.310855,0.112390
2.413983,0.311037,0.112152
2.414434,0.311218,0.111915
2.414884,0.311399,0.111679
2.415334,0.311580,0.111444
2.415783,0.311760,0.111209
2.416232,0.311940,0.110975
2.416680,0.312120,0.110741
2.417127,0.312299,0.110509
2.417573,0.312478,0.110277
2.418019,0.312657,0.110045
2.418464,0.312835,0.109815
2.418909,0.313013,0.109585
2.419353,0.313191,0.109356
2.419796,0.313369,0.109127
2.420239,0.313546,0.108899
2.420681,0.313723,0.108672
2.421122,0.313899,0.108446
2.421563,0.314075,0.108220
2.422003,0.314251,0.107995
2.422443,0.314427,0.107770
2.422882,0.314602,0.107546
2.423320,0.314777,0.107323
2.423757,0.314952,0.107101
2.424194,0.315126,0.106879
2.424631,0.315300,0.106658
2.425066,0.315474,0.106437
2.425502,0.315648,0.106217
2.425936,0.315821,0.105998
2.426370,0.315994,0.105779
2.426803,0.316166,0.105561
2.427236,0.316339,0.105344
2.427668,0.316511,0.105127
2.428099,0.316682,0.104911
2.428530,0.316854,0.104696
2.428960,0.317025,0.104481
2.429390,0.317196,0.104267
2.429819,0.317366,0.104053
2.430247,0.317536,0.103840
2.430675,0.317706,0.103628
2.431102,0.317876,0.103416
2.431529,0.318045,0.103205
2.431955,0.318214,0.102995
2.432380,0.318383,0.102785
2.432805,0.318552,0.102576
2.433229,0.318720,0.102367
2.433653,0.318888,0.102159
2.434076,0.319055,0.101951
2.434498,0.319223,0.101744
2.434920,0.319390,0.101538
2.435341,0.319556,0.101332
2.435762,0.319723,0.101127
2.436182,0.319889,0.100923
2.436601,0.320055,0.100719
2.437020,0.320221,0.100516
2.437438,0.320386,0.100313
2.437856,0.320551,0.100111
2.438273,0.320716,0.099909
2.438690,0.320880,0.099708
2.439106,0.321045,0.099508
2.439521,0.321208,0.099308
2.439936,0.321372,0.099108
2.440350,0.321536,0.098910
2.440764,0.321699,0.098712
2.441177,0.321862,0.098514
2.441590,0.322024,0.098317
2.442002,0.322187,0.098120
2.442413,0.322349,0.097924
2.442824,0.322510,0.097729
2.443234,0.322672,0.097534
2.443644,0.322833,0.097340
2.444053,0.322994,0.097146
2.444462,0.323155,0.096953
2.444870,0.323315,0.096760
2.445277,0.323475,0.096568
2.445684,0.323635,0.096377
2.446091,0.323795,0.096186
2.446496,0.323954,0.095995
2.446902,0.324113,0.095805
2.447307,0.324272,0.095616
2.447711,0.324431,0.095427
2.448114,0.324589,0.095238
2.448517,0.324747,0.095051
2.448920,0.324905,0.094863
2.449322,0.325062,0.094676
2.449723,0.325220,0.094490
2.450124,0.325377,0.094304
2.450525,0.325534,0.094119
2.450924,0.325690,0.093934
2.451324,0.325846,0.093750
2.451723,0.326002,0.093566
2.452121,0.326158,0.093383
2.452518,0.326314,0.093201
2.452916,0.326469,0.093018
2.453312,0.326624,0.092837
2.453708,0.326778,0.092655
2.454104,0.326933,0.092475
2.454499,0.327087,0.092295
2.454893,0.327241,0.092115
2.455287,0.327395,0.091936
2.455681,0.327548,0.091757
2.456074,0.327702,0.091579
2.456466,0.327855,0.091401
2.456858,0.328007,0.091224
2.457249,0.328160,0.091047
2.457640,0.328312,0.090871
2.458030,0.328464,0.090695
2.458420,0.328616,0.090519
2.458809,0.328767,0.090345
2.459198,0.328919,0.090170
2.459587,0.329070,0.089996
2.459974,0.329220,0.089823
2.460361,0.329371,0.089650
2.460748,0.329521,0.089477
2.461134,0.329671,0.089305
2.461520,0.329821,0.089134
2.461905,0.329971,0.088963
2.462290,0.330120,0.088792
2.462674,0.330269,0.088622
2.463058,0.330418,0.088452
2.463441,0.330567,0.088283
2.463824,0.330715,0.088114
2.464206,0.330863,0.087946
2.464587,0.331011,0.087778
2.464969,0.331159,0.087611
2.465349,0.331306,0.087444
2.465729,0.331453,0.087277
2.466109,0.331600,0.087111
2.466488,0.331747,0.086945
2.466867,0.331894,0.086780
2.467245,0.332040,0.086615
2.467623,0.332186,0.086451
2.468000,0.332332,0.086287
2.468377,0.332477,0.086124
2.468753,0.332623,0.085961
2.469129,0.332768,0.085798
2.469504,0.332913,0.085636
2.469879,0.333057,0.085474
2.470253,0.333202,0.085313
2.470627,0.333346,0.085152
2.471000,0.333490,0.084992
2.471373,0.333634,0.084832
2.471746,0.333777,0.084672
2.472117,0.333921,0.084513
2.472489,0.334064,0.084354
2.472860,0.334207,0.084196
2.473230,0.334349,0.084038
2.473600,0.334492,0.083881
2.473970,0.334634,0.083723
2.474339,0.334776,0.083567
2.474707,0.334918,0.083411
2.475075,0.335059,0.083255
2.475443,0.335201,0.083099
2.475810,0.335342,0.082944
2.476177,0.335483,0.082790
2.476543,0.335624,0.082635
2.476909,0.335764,0.082482
2.477274,0.335904,0.082328
2.477639,0.336044,0.082175
2.478003,0.336184,0.082023
2.478367,0.336324,0.081870
2.478731,0.336463,0.081719
2.479094,0.336602,0.081567
2.479456,0.336741,0.081416
2.479818,0.336880,0.081265
2.480180,0.337019,0.081115
2.480541,0.337157,0.080965
2.480902,0.337295,0.080816
2.481262,0.337433,0.080667
2.481622,0.337571,0.080518
2.481981,0.337708,0.080370
2.482340,0.337845,0.080222
2.482698,0.337983,0.080074
2.483056,0.338119,0.079927
2.483414,0.338256,0.079780
2.483771,0.338393,0.079634
2.484128,0.338529,0.079488
2.484484,0.338665,0.079342
2.484840,0.338801,0.079197
2.485195,0.338936,0.079052
2.485550,0.339072,0.078907
2.485904,0.339207,0.078763
2.486258,0.339342,0.078619
2.486612,0.339477,0.078476
2.486965,0.339611,0.078333
2.487317,0.339746,0.078190
2.487670,0.339880,0.078048
2.488021,0.340014,0.077906
2.488373,0.340148,0.077764
2.488724,0.340281,0.077623
2.489074,0.340415,0.077482
2.489424,0.340548,0.077342
2.489774,0.340681,0.077201
2.490123,0.340814,0.077062
2.490472,0.340946,0.076922
2.490820,0.341079,0.076783
2.491168,0.341211,0.076644
2.491515,0.341343,0.076506
2.491863,0.341475,0.076368
2.492209,0.341607,0.076230
2.492555,0.341738,0.076093
2.492901,0.341869,0.075956
2.493246,0.342000,0.075819
2.493591,0.342131,0.075683
2.493936,0.342262,0.075547
2.494280,0.342392,0.075411
2.494624,0.342522,0.075276
2.494967,0.342653,0.075141
2.495310,0.342782,0.075006
2.495652,0.342912,0.074872
2.495994,0.343042,0.074738
2.496336,0.343171,0.074604
2.496677,0.343300,0.074471
2.497017,0.343429,0.074338
2.497358,0.343558,0.074205
2.497698,0.343686,0.074073
2.498037,0.343815,0.073941
2.498376,0.343943,0.073809
2.498715,0.344071,0.073678
2.499053,0.344199,0.073547
2.499391,0.344326,0.073416
2.499729,0.344454,0.073286
2.500066,0.344581,0.073156
2.500402,0.344708,0.073026
2.500738,0.344835,0.072897
2.501074,0.344962,0.072768
2.501410,0.345088,0.072639
2.501745,0.345214,0.072510
2.502079,0.345341,0.072382
2.502414,0.345466,0.072254
2.502747,0.345592,0.072127
2.503081,0.345718,0.072000
2.503414,0.345843,0.071873
2.503746,0.345969,0.071746
2.504079,0.346094,0.071620
2.504410,0.346218,0.071494
2.504742,0.346343,0.071369
2.505073,0.346468,0.071243
2.505404,0.346592,0.071118
2.505734,0.346716,0.070994
2.506064,0.346840,0.070869
2.506393,0.346964,0.070745
2.506722,0.347088,0.070621
2.507051,0.347211,0.070498
2.507379,0.347334,0.070375
2.507707,0.347457,0.070252
2.508035,0.347580,0.070129
2.508362,0.347703,0.070007
2.508688,0.347826,0.069885
2.509015,0.347948,0.069763
2.509341,0.348070,0.069642
2.509666,0.348192,0.069521
2.509992,0.348314,0.069400
2.510316,0.348436,0.069279
2.510641,0.348557,0.069159
2.510965,0.348679,0.069039
2.511289,0.348800,0.068919
2.511612,0.348921,0.068800
2.511935,0.349042,0.068681
2.512257,0.349162,0.068562
2.512579,0.349283,0.068444
2.512901,0.349403,0.068325
2.513223,0.349523,0.068207
2.513544,0.349643,0.068090
2.513864,0.349763,0.067972
2.514185,0.349883,0.067855
2.514504,0.350002,0.067738
2.514824,0.350122,0.067622
2.515143,0.350241,0.067506
2.515462,0.350360,0.067390
2.515780,0.350478,0.067274
2.516098,0.350597,0.067158
2.516416,0.350716,0.067043
2.516733,0.350834,0.066928
2.517050,0.350952,0.066814
2.517367,0.351070,0.066699
2.517683,0.351188,0.066585
2.517999,0.351306,0.066472
2.518314,0.351423,0.066358
2.518630,0.351540,0.066245
2.518944,0.351658,0.066132
2.519259,0.351775,0.066019
2.519573,0.351891,0.065907
2.519886,0.352008,0.065794
2.520200,0.352125,0.065682
2.520513,0.352241,0.065571
2.520825,0.352357,0.065459
2.521137,0.352473,0.065348
2.521449,0.352589,0.065237
2.521761,0.352705,0.065127
2.522072,0.352820,0.065016
2.522383,0.352936,0.064906
2.522693,0.353051,0.064796
2.523003,0.353166,0.064687
2.523313,0.353281,0.064577
2.523622,0.353396,0.064468
2.523932,0.353510,0.064360
2.524240,0.353625,0.064251
2.524549,0.353739,0.064143
2.524856,0.353853,0.064035
2.525164,0.353967,0.063927
2.525471,0.354081,0.063819
2.525778,0.354195,0.063712
2.526085,0.354308,0.063605
2.526391,0.354421,0.063498
2.526697,0.354535,0.063391
2.527003,0.354648,0.063285
2.527308,0.354761,0.063179
2.527613,0.354873,0.063073
2.527917,0.354986,0.062968
2.528221,0.355098,0.062862
2.528525,0.355211,0.062757
2.528829,0.355323,0.062652
2.529132,0.355435,0.062548
2.529434,0.355547,0.062443
2.529737,0.355658,0.062339
2.530039,0.355770,0.062235
2.530341,0.355881,0.062132
2.530642,0.355992,0.062028
2.530943,0.356103,0.061925
2.531244,0.356214,0.061822
2.531545,0.356325,0.061720
2.531845,0.356436,0.061617
2.532144,0.356546,0.061515
2.532444,0.356656,0.061413
2.532743,0.356767,0.061311
2.533042,0.356877,0.061210
2.533340,0.356987,0.061108
2.533638,0.357096,0.061007
2.533936,0.357206,0.060906
2.534233,0.357315,0.060806
2.534530,0.357425,0.060705
2.534827,0.357534,0.060605
2.535124,0.357643,0.060505
2.535420,0.357752,0.060406
2.535715,0.357860,0.060306
2.536011,0.357969,0.060207
2.536306,0.358077,0.060108
2.536601,0.358186,0.060009
2.536895,0.358294,0.059910
2.537189,0.358402,0.059812
2.537483,0.358510,0.059714
2.537777,0.358617,0.059616
2.538070,0.358725,0.059518
2.538363,0.358832,0.059421
2.538655,0.358940,0.059324
2.538947,0.359047,0.059227
2.539239,0.359154,0.059130
2.539531,0.359261,0.059033
2.539822,0.359367,0.058937
2.540113,0.359474,0.058841
2.540404,0.359580,0.058745
2.540694,0.359687,0.058649
2.540984,0.359793,0.058554
2.541274,0.359899,0.058458
2.541563,0.360005,0.058363
2.541852,0.360110,0.058268
2.542141,0.360216,0.058174
2.542429,0.360321,0.058079
2.542717,0.360427,0.057985
2.543005,0.360532,0.057891
2.543292,0.360637,0.057797
2.543579,0.360742,0.057704
2.543866,0.360847,0.057610
2.544153,0.360951,0.057517
2.544439,0.361056,0.057424
2.544725,0.361160,0.057331
2.545010,0.361264,0.057239
2.545296,0.361368,0.057146
2.545581,0.361472,0.057054
2.545865,0.361576,0.056962
2.546150,0.361680,0.056870
2.546434,0.361783,0.056779
2.546717,0.361887,0.056688
2.547001,0.361990,0.056596
2.547284,0.362093,0.056505
2.547567,0.362196,0.056415
2.547849,0.362299,0.056324
2.548131,0.362402,0.056234
2.548413,0.362505,0.056144
2.548695,0.362607,0.056054
2.548976,0.362709,0.055964
2.549257,0.362812,0.055874
2.549538,0.362914,0.055785
2.549818,0.363016,0.055696
2.550098,0.363118,0.055607
2.550378,0.363219,0.055518
2.550658,0.363321,0.055430
2.550937,0.363422,0.055341
2.551216,0.363524,0.055253
2.551494,0.363625,0.055165
2.551773,0.363726,0.055077
2.552051,0.363827,0.054990
2.552328,0.363927,0.054902
2.552606,0.364028,0.054815
2.552883,0.364129,0.054728
2.553160,0.364229,0.054641
2.553436,0.364329,0.054554
2.553713,0.364429,0.054468
2.553988,0.364530,0.054382
2.554264,0.364629,0.054295
2.554539,0.364729,0.054210
2.554815,0.364829,0.054124
2.555089,0.364928,0.054038
2.555364,0.365028,0.053953
2.555638,0.365127,0.053868
2.555912,0.365226,0.053783
2.556186,0.365325,0.053698
2.556459,0.365424,0.053613
2.556732,0.365523,0.053529
2.557005,0.365621,0.053445
2.557277,0.365720,0.053360
2.557549,0.365818,0.053277
2.557821,0.365917,0.053193
2.558093,0.366015,0.053109
2.558364,0.366113,0.053026
2.558635,0.366211,0.052943
2.558906,0.366308,0.052860
2.559176,0.366406,0.052777
2.559447,0.366504,0.052694
2.559717,0.366601,0.052612
2.559986,0.366698,0.052530
2.560256,0.366795,0.052447
2.560525,0.366892,0.052365
2.560793,0.366989,0.052284
2.561062,0.367086,0.052202
2.561330,0.367183,0.052121
2.561598,0.367279,0.052039
2.561866,0.367376,0.051958
2.562133,0.367472,0.051877
2.562400,0.367568,0.051797
2.562667,0.367664,0.051716
2.562934,0.367760,0.051636
2.563200,0.367856,0.051556
2.563466,0.367952,0.051475
2.563732,0.368048,0.051396
2.563997,0.368143,0.051316
2.564262,0.368238,0.051236
2.564527,0.368334,0.051157
2.564792,0.368429,0.051078
2.565056,0.368524,0.050999
2.565320,0.368619,0.050920
2.565584,0.368713,0.050841
2.565848,0.368808,0.050763
2.566111,0.368903,0.050684
2.566374,0.368997,0.050606
2.566637,0.369091,0.050528
2.566899,0.369186,0.050450
2.567161,0.369280,0.050372
2.567423,0.369374,0.050295
2.567685,0.369468,0.050217
2.567946,0.369561,0.050140
2.568207,0.369655,0.050063
2.568468,0.369748,0.049986
2.568729,0.369842,0.049909
2.568989,0.369935,0.049833
2.569249,0.370028,0.049756
2.569509,0.370121,0.049680
2.569769,0.370214,0.049604
2.570028,0.370307,0.049528
2.570287,0.370400,0.049452
2.570546,0.370492,0.049377
2.570804,0.370585,0.049301
2.571062,0.370677,0.049226
2.571320,0.370769,0.049151
2.571578,0.370862,0.049076
2.571835,0.370954,0.049001
2.572092,0.371046,0.048926
2.572349,0.371137,0.048852
2.572606,0.371229,0.048777
2.572862,0.371321,0.048703
2.573118,0.371412,0.048629
2.573374,0.371503,0.048555
2.573630,0.371595,0.048481
2.573885,0.371686,0.048408
2.574140,0.371777,0.048334
2.574395,0.371868,0.048261
2.574650,0.371959,0.048188
2.574904,0.372049,0.048115
2.575158,0.372140,0.048042
2.575412,0.372230,0.047969
2.575666,0.372321,0.047896
2.575919,0.372411,0.047824
2.576172,0.372501,0.047752
2.576425,0.372591,0.047680
2.576677,0.372681,0.047608
2.576929,0.372771,0.047536
2.577182,0.372861,0.047464
2.577433,0.372950,0.047393
2.577685,0.373040,0.047321
2.577936,0.373129,0.047250
2.578187,0.373219,0.047179
2.578438,0.373308,0.047108
2.578688,0.373397,0.047037
2.578939,0.373486,0.046966
2.579189,0.373575,0.046896
2.579438,0.373664,0.046826
2.579688,0.373752,0.046755
2.579937,0.373841,0.046685
2.580186,0.373929,0.046615
2.580435,0.374018,0.046546
2.580684,0.374106,0.046476
2.580932,0.374194,0.046406
2.581180,0.374282,0.046337
2.581428,0.374370,0.046268
2.581675,0.374458,0.046199
2.581923,0.374546,0.046130
2.582170,0.374633,0.046061
2.582416,0.374721,0.045992
2.582663,0.374808,0.045924
2.582909,0.374895,0.045855
2.583155,0.374983,0.045787
2.583401,0.375070,0.045719
2.583647,0.375157,0.045651
2.583892,0.375244,0.045583
2.584137,0.375331,0.045515
2.584382,0.375417,0.045448
2.584627,0.375504,0.045380
2.584871,0.375590,0.045313
2.585116,0.375677,0.045246
2.585359,0.375763,0.045179
2.585603,0.375849,0.045112
2.585847,0.375935,0.045045
2.586090,0.376021,0.044978
2.586333,0.376107,0.044912
2.586575,0.376193,0.044845
2.586818,0.376279,0.044779
2.587060,0.376364,0.044713
2.587302,0.376450,0.044647
2.587544,0.376535,0.044581
2.587786,0.376620,0.044516
2.588027,0.376706,0.044450
2.588268,0.376791,0.044384
2.588509,0.376876,0.044319
2.588749,0.376961,0.044254
2.588990,0.377045,0.044189
2.589230,0.377130,0.044124
2.589470,0.377215,0.044059
2.589709,0.377299,0.043994
2.589949,0.377384,0.043930
2.590188,0.377468,0.043866
2.590427,0.377552,0.043801
2.590666,0.377636,0.043737
2.590904,0.377720,0.043673
2.591143,0.377804,0.043609
2.591381,0.377888,0.043545
2.591619,0.377972,0.043482
2.591856,0.378055,0.043418
2.592093,0.378139,0.043355
2.592331,0.378222,0.043291
2.592568,0.378306,0.043228
2.592804,0.378389,0.043165
2.593041,0.378472,0.043102
2.593277,0.378555,0.043039
2.593513,0.378638,0.042977
2.593749,0.378721,0.042914
2.593984,0.378804,0.042852
2.594220,0.378886,0.042790
2.594455,0.378969,0.042727
2.594689,0.379052,0.042665
2.594924,0.379134,0.042603
2.595159,0.379216,0.042542
2.595393,0.379298,0.042480
2.595627,0.379381,0.042418
2.595860,0.379463,0.042357
2.596094,0.379544,0.042295
2.596327,0.379626,0.042234
2.596560,0.379708,0.042173
2.596793,0.379790,0.042112
2.597026,0.379871,0.042051
2.597258,0.379953,0.041991
2.597490,0.380034,0.041930
2.597722,0.380115,0.041869
2.597954,0.380197,0.041809
2.598186,0.380278,0.041749
2.598417,0.380359,0.041689
2.598648,0.380440,0.041629
2.598879,0.380520,0.041569
2.599110,0.380601,0.041509
2.599340,0.380682,0.041449
2.599570,0.380762,0.041390
2.599800,0.380843,0.041330
2.600030,0.380923,0.041271
2.600260,0.381003,0.041212
2.600489,0.381084,0.041152
2.600718,0.381164,0.041093
2.600947,0.381244,0.041035
2.601176,0.381324,0.040976
2.601404,0.381403,0.040917
2.601633,0.381483,0.040859
2.601861,0.381563,0.040800
2.602088,0.381642,0.040742
2.602316,0.381722,0.040684
2.602543,0.381801,0.040625
2.602771,0.381880,0.040567
2.602998,0.381960,0.040510
2.603224,0.382039,0.040452
2.603451,0.382118,0.040394
2.603677,0.382197,0.040337
2.603903,0.382276,0.040279
2.604129,0.382354,0.040222
2.604355,0.382433,0.040165
2.604581,0.382512,0.040108
2.604806,0.382590,0.040051
2.605031,0.382669,0.039994
2.605256,0.382747,0.039937
2.605481,0.382825,0.039880
2.605705,0.382903,0.039824
2.605929,0.382981,0.039767
2.606153,0.383059,0.039711
2.606377,0.383137,0.039655
2.606601,0.383215,0.039598
2.606824,0.383293,0.039542
2.607047,0.383370,0.039486
2.607270,0.383448,0.039431
2.607493,0.383525,0.039375
2.607716,0.383603,0.039319
2.607938,0.383680,0.039264
2.608160,0.383757,0.039208
2.608382,0.383834,0.039153
2.608604,0.383911,0.039098
2.608826,0.383988,0.039043
2.609047,0.384065,0.038988
2.609268,0.384142,0.038933
2.609489,0.384219,0.038878
2.609710,0.384295,0.038824
2.609930,0.384372,0.038769
2.610151,0.384448,0.038714
2.610371,0.384525,0.038660
2.610591,0.384601,0.038606
2.610810,0.384677,0.038552
2.611030,0.384753,0.038498
2.611249,0.384829,0.038444
2.611468,0.384905,0.038390
2.611687,0.384981,0.038336
2.611906,0.385057,0.038282
2.612125,0.385133,0.038229
2.612343,0.385208,0.038175
2.612561,0.385284,0.038122
2.612779,0.385359,0.038069
2.612997,0.385435,0.038016
2.613214,0.385510,0.037963
2.613431,0.385585,0.037910
2.613649,0.385660,0.037857
2.613865,0.385735,0.037804
2.614082,0.385810,0.037751
2.614299,0.385885,0.037699
2.614515,0.385960,0.037646
2.614731,0.386035,0.037594
2.614947,0.386109,0.037542
2.615163,0.386184,0.037489
2.615378,0.386258,0.037437
2.615594,0.386333,0.037385
2.615809,0.386407,0.037334
2.616024,0.386481,0.037282
2.616239,0.386555,0.037230
2.616453,0.386630,0.037178
2.616668,0.386704,0.037127
2.616882,0.386777,0.037076
2.617096,0.386851,0.037024
2.617310,0.386925,0.036973
2.617523,0.386999,0.036922
2.617737,0.387072,0.036871
2.617950,0.387146,0.036820
2.618163,0.387219,0.036769
2.618376,0.387293,0.036718
2.618588,0.387366,0.036668
2.618801,0.387439,0.036617
2.619013,0.387512,0.036567
2.619225,0.387585,0.036516
2.619437,0.387658,0.036466
2.619649,0.387731,0.036416
2.619860,0.387804,0.036366
2.620071,0.387877,0.036316
2.620283,0.387949,0.036266
2.620493,0.388022,0.036216
2.620704,0.388095,0.036166
2.620915,0.388167,0.036116
2.621125,0.388239,0.036067
2.621335,0.388312,0.036017
2.621545,0.388384,0.035968
2.621755,0.388456,0.035919
2.621965,0.388528,0.035870
2.622174,0.388600,0.035821
2.622383,0.388672,0.035772
2.622592,0.388744,0.035723
2.622801,0.388815,0.035674
2.623010,0.388887,0.035625
2.623218,0.388959,0.035576
2.623427,0.389030,0.035528
2.623635,0.389102,0.035479
2.623843,0.389173,0.035431
2.624051,0.389244,0.035383
2.624258,0.389316,0.035334
2.624465,0.389387,0.035286
2.624673,0.389458,0.035238
2.624880,0.389529,0.035190
2.625087,0.389600,0.035142
2.625293,0.389670,0.035095
2.625500,0.389741,0.035047
2.625706,0.389812,0.034999
2.625912,0.389883,0.034952
2.626118,0.389953,0.034904
2.626324,0.390024,0.034857
2.626529,0.390094,0.034810
2.626735,0.390164,0.034762
2.626940,0.390235,0.034715
2.627145,0.390305,0.034668
2.627350,0.390375,0.034621
2.627554,0.390445,0.034575
2.627759,0.390515,0.034528
2.627963,0.390585,0.034481
2.628167,0.390655,0.034435
2.628371,0.390724,0.034388
2.628575,0.390794,0.034342
2.628778,0.390864,0.034295
2.628982,0.390933,0.034249
2.629185,0.391003,0.034203
2.629388,0.391072,0.034157
2.629591,0.391141,0.034111
2.629794,0.391210,0.034065
2.629996,0.391280,0.034019
2.630198,0.391349,0.033973
2.630400,0.391418,0.033927
2.630602,0.391487,0.033882
2.630804,0.391556,0.033836
2.631006,0.391624,0.033791
2.631207,0.391693,0.033745
2.631409,0.391762,0.033700
2.631610,0.391830,0.033655
2.631811,0.391899,0.033610
2.632011,0.391967,0.033565
2.632212,0.392036,0.033520
2.632412,0.392104,0.033475
2.632612,0.392172,0.033430
2.632813,0.392240,0.033385
2.633012,0.392308,0.033341
2.633212,0.392377,0.033296
2.633412,0.392444,0.033252
2.633611,0.392512,0.033207
2.633810,0.392580,0.033163
2.634009,0.392648,0.033119
2.634208,0.392716,0.033075
2.634407,0.392783,0.033031
2.634605,0.392851,0.032986
2.634803,0.392918,0.032943
2.635002,0.392986,0.032899
2.635200,0.393053,0.032855
2.635397,0.393120,0.032811
2.635595,0.393187,0.032768
2.635792,0.393255,0.032724
2.635990,0.393322,0.032681
2.636187,0.393389,0.032637
2.636384,0.393456,0.032594
2.636581,0.393522,0.032551
2.636777,0.393589,0.032507
2.636974,0.393656,0.032464
2.637170,0.393723,0.032421
2.637366,0.393789,0.032378
2.637562,0.393856,0.032335
2.637758,0.393922,0.032293
2.637953,0.393989,0.032250
2.638149,0.394055,0.032207
2.638344,0.394121,0.032165
2.638539,0.394187,0.032122
2.638734,0.394253,0.032080
2.638929,0.394319,0.032037
2.639124,0.394385,0.031995
2.639318,0.394451,0.031953
2.639512,0.394517,0.031911
2.639706,0.394583,0.031869
2.639900,0.394649,0.031827
2.640094,0.394714,0.031785
2.640288,0.394780,0.031743
2.640481,0.394845,0.031701
2.640674,0.394911,0.031660
2.640868,0.394976,0.031618
2.641060,0.395042,0.031576
2.641253,0.395107,0.031535
2.641446,0.395172,0.031493
2.641638,0.395237,0.031452
2.641831,0.395302,0.031411
2.642023,0.395367,0.031370
2.642215,0.395432,0.031329
2.642407,0.395497,0.031287
2.642598,0.395562,0.031247
2.642790,0.395627,0.031206
2.642981,0.395691,0.031165
2.643172,0.395756,0.031124
2.643363,0.395820,0.031083
2.643554,0.395885,0.031043
2.643745,0.395949,0.031002
2.643935,0.396014,0.030962
2.644126,0.396078,0.030921
2.644316,0.396142,0.030881
2.644506,0.396206,0.030841
2.644696,0.396270,0.030800
2.644885,0.396334,0.030760
2.645075,0.396398,0.030720
2.645264,0.396462,0.030680
2.645454,0.396526,0.030640
2.645643,0.396590,0.030600
2.645832,0.396654,0.030561
2.646020,0.396717,0.030521
2.646209,0.396781,0.030481
2.646397,0.396844,0.030442
2.646586,0.396908,0.030402
2.646774,0.396971,0.030363
2.646962,0.397034,0.030323
2.647149,0.397098,0.030284
2.647337,0.397161,0.030245
2.647525,0.397224,0.030205
2.647712,0.397287,0.030166
2.647899,0.397350,0.030127
2.648086,0.397413,0.030088
2.648273,0.397476,0.030049
2.648460,0.397539,0.030010
2.648646,0.397602,0.029972
2.648833,0.397664,0.029933
2.649019,0.397727,0.029894
2.649205,0.397790,0.029856
2.649391,0.397852,0.029817
2.649577,0.397915,0.029779
2.649762,0.397977,0.029740
2.649948,0.398039,0.029702
2.650133,0.398102,0.029664
2.650318,0.398164,0.029625
2.650503,0.398226,0.029587
2.650688,0.398288,0.029549
2.650873,0.398350,0.029511
2.651058,0.398412,0.029473
2.651242,0.398474,0.029435
2.651426,0.398536,0.029398
2.651610,0.398598,0.029360
2.651794,0.398659,0.029322
2.651978,0.398721,0.029284
2.652162,0.398783,0.029247
2.652345,0.398844,0.029209
2.652529,0.398906,0.029172
2.652712,0.398967,0.029135
2.652895,0.399029,0.029097
2.653078,0.399090,0.029060
2.653260,0.399151,0.029023
2.653443,0.399212,0.028986
2.653625,0.399274,0.028949
2.653808,0.399335,0.028912
2.653990,0.399396,0.028875
2.654172,0.399457,0.028838
2.654354,0.399517,0.028801
2.654535,0.399578,0.028764
2.654717,0.399639,0.028727
2.654898,0.399700,0.028691
2.655079,0.399761,0.028654
2.655261,0.399821,0.028618
2.655442,0.399882,0.028581
2.655622,0.399942,0.028545
2.655803,0.400003,0.028509
2.655983,0.400063,0.028472
2.656164,0.400123,0.028436
2.656344,0.400184,0.028400
2.656524,0.400244,0.028364
2.656704,0.400304,0.028328
2.656884,0.400364,0.028292
2.657063,0.400424,0.028256
2.657243,0.400484,0.028220
2.657422,0.400544,0.028184
2.657601,0.400604,0.028149
2.657780,0.400664,0.028113
2.657959,0.400723,0.028077
2.658138,0.400783,0.028042
2.658317,0.400843,0.028006
2.658495,0.400902,0.027971
2.658673,0.400962,0.027935
2.658852,0.401021,0.027900
2.659030,0.401081,0.027865
2.659207,0.401140,0.027830
2.659385,0.401199,0.027794
2.659563,0.401258,0.027759
2.659740,0.401318,0.027724
2.659917,0.401377,0.027689
2.660095,0.401436,0.027654
2.660272,0.401495,0.027620
2.660449,0.401554,0.027585
2.660625,0.401613,0.027550
2.660802,0.401671,0.027515
2.660978,0.401730,0.027481
2.661155,0.401789,0.027446
2.661331,0.401848,0.027412
2.661507,0.401906,0.027377
2.661683,0.401965,0.027343
2.661858,0.402023,0.027308
2.662034,0.402082,0.027274
2.662209,0.402140,0.027240
2.662385,0.402198,0.027206
2.662560,0.402257,0.027172
2.662735,0.402315,0.027138
2.662910,0.402373,0.027104
2.663084,0.402431,0.027070
2.663259,0.402489,0.027036
2.663434,0.402547,0.027002
2.663608,0.402605,0.026968
2.663782,0.402663,0.026934
2.663956,0.402721,0.026901
2.664130,0.402779,0.026867
2.664304,0.402836,0.026833
2.664477,0.402894,0.026800
2.664651,0.402952,0.026767
2.664824,0.403009,0.026733
2.664997,0.403067,0.026700
2.665171,0.403124,0.026666
2.665343,0.403182,0.026633
2.665516,0.403239,0.026600
2.665689,0.403296,0.026567
2.665861,0.403354,0.026534
2.666034,0.403411,0.026501
2.666206,0.403468,0.026468
2.666378,0.403525,0.026435
2.666550,0.403582,0.026402
2.666722,0.403639,0.026369
2.666894,0.403696,0.026336
2.667065,0.403753,0.026304
2.667237,0.403810,0.026271
2.667408,0.403866,0.026238
2.667579,0.403923,0.026206
2.667750,0.403980,0.026173
2.667921,0.404036,0.026141
2.668092,0.404093,0.026109
2.668262,0.404150,0.026076
2.668433,0.404206,0.026044
2.668603,0.404262,0.026012
2.668774,0.404319,0.025980
2.668944,0.404375,0.025947
2.669114,0.404431,0.025915
2.669283,0.404487,0.025883
2.669453,0.404544,0.025851
2.669623,0.404600,0.025819
2.669792,0.404656,0.025787
2.669961,0.404712,0.025756
2.670130,0.404768,0.025724
2.670299,0.404824,0.025692
2.670468,0.404879,0.025660
2.670637,0.404935,0.025629
2.670806,0.404991,0.025597
2.670974,0.405047,0.025566
2.671142,0.405102,0.025534
2.671311,0.405158,0.025503
2.671479,0.405213,0.025472
2.671647,0.405269,0.025440
2.671815,0.405324,0.025409
2.671982,0.405379,0.025378
2.672150,0.405435,0.025347
2.672317,0.405490,0.025315
2.672484,0.405545,0.025284
2.672652,0.405600,0.025253
2.672819,0.405656,0.025222
2.672986,0.405711,0.025191
2.673152,0.405766,0.025161
2.673319,0.405821,0.025130
2.673485,0.405875,0.025099
2.673652,0.405930,0.025068
2.673818,0.405985,0.025038
2.673984,0.406040,0.025007
2.674150,0.406095,0.024976
2.674316,0.406149,0.024946
2.674482,0.406204,0.024915
2.674647,0.406258,0.024885
2.674813,0.406313,0.024854
2.674978,0.406367,0.024824
2.675143,0.406422,0.024794
2.675309,0.406476,0.024764
2.675474,0.406531,0.024733
2.675638,0.406585,0.024703
2.675803,0.406639,0.024673
2.675968,0.406693,0.024643
2.676132,0.406747,0.024613
2.676296,0.406801,0.024583
2.676461,0.406855,0.024553
2.676625,0.406909,0.024523
2.676789,0.406963,0.024494
2.676952,0.407017,0.024464
2.677116,0.407071,0.024434
2.677280,0.407125,0.024404
2.677443,0.407178,0.024375
2.677606,0.407232,0.024345
2.677770,0.407286,0.024316
2.677933,0.407339,0.024286
2.678096,0.407393,0.024257
2.678258,0.407446,0.024227
2.678421,0.407500,0.024198
2.678584,0.407553,0.024169
2.678746,0.407606,0.024139
2.678908,0.407660,0.024110
2.679071,0.407713,0.024081
2.679233,0.407766,0.024052
2.679395,0.407819,0.024023
2.679556,0.407872,0.023994
2.679718,0.407925,0.023965
2.679880,0.407978,0.023936
2.680041,0.408031,0.023907
2.680202,0.408084,0.023878
2.680364,0.408137,0.023849
2.680525,0.408190,0.023820
2.680686,0.408243,0.023792
2.680846,0.408295,0.023763
2.681007,0.408348,0.023734
2.681168,0.408401,0.023706
2.681328,0.408453,0.023677
2.681488,0.408506,0.023649
2.681649,0.408558,0.023620
2.681809,0.408611,0.023592
2.681969,0.408663,0.023564
2.682128,0.408716,0.023535
2.682288,0.408768,0.023507
2.682448,0.408820,0.023479
2.682607,0.408872,0.023451
2.682767,0.408924,0.023422
2.682926,0.408977,0.023394
2.683085,0.409029,0.023366
2.683244,0.409081,0.023338
2.683403,0.409133,0.023310
2.683562,0.409184,0.023282
